input:
-153.868 58.004000 2014 310 00 00 00
-138.054043 57.434018 2014 310 00 00 00
-134.863597 55.973022 2014 310 00 00 00
-130.562386 50.781344 2014 310 00 00 00

velocities:
-0.0674 -0.0502 -153.86800000   58.00400000 2014 310  0  0  0.00
-0.0049 -0.0140 -138.05404300   57.43401800 2014 310  0  0  0.00
-0.3872 -0.1630 -134.86359700   55.97302200 2014 310  0  0  0.00
0.0232 -0.0528 -130.56238600   50.78134400 2014 310  0  0  0.00

elevation:
1.3088 -153.86800000   58.00400000 2014 310  0  0  0.00
-0.5192 -138.05404300   57.43401800 2014 310  0  0  0.00
-0.6747 -134.86359700   55.97302200 2014 310  0  0  0.00
-1.1433 -130.56238600   50.78134400 2014 310  0  0  0.00


----Inputs
Tidecor in Bounds:
-69.6619 61.0382 2017 265 15 22 33.0
-69.6618 61.0382 2017 265 15 22 34.0
-69.6618 61.0382 2017 265 15 22 35.0
-69.6615 61.038 2017 265 15 22 44.0
-69.6615 61.038 2017 265 15 22 45.0

Tidecor Out of Bounds:
-69.6419 61.0301 2017 265 15 33 50.0
-69.6418 61.0301 2017 265 15 33 51.0
-69.6418 61.0301 2017 265 15 33 52.0
-69.6418 61.0301 2017 265 15 33 53.0